
100
172
172
272
272
272
368
468
Final result 1 [90, 100]: 468 / 1000
100
100
100
200
200
200
296
396
Final result 1 [80, 90]: 396 / 1000
100
100
184
284
372
372
468
568
Final result 1 [70, 80]: 568 / 1000
100
172
256
356
444
444
540
640
Final result 1 [60, 70]: 640 / 1000
100
100
100
200
200
200
200
300
Final result 1 [50, 60]: 300 / 1000
100
172
256
356
356
356
452
552
Final result 1 [40, 50]: 552 / 1000
0
0
84
184
272
272
368
468
Final result 1 [30, 40]: 468 / 1000
100
100
184
284
284
284
380
480
Final result 1 [20, 30]: 480 / 1000
100
172
256
356
444
444
540
640
Final result 1 [10, 20]: 640 / 1000
100
100
184
284
372
372
468
568
Final result 1 [0, 10]: 568 / 1000
